{
 "cells": [
  {
   "cell_type": "markdown",
   "id": "1ca606df",
   "metadata": {},
   "source": [
    "# Practical Lab 2: Multivariate Linear Regression, Non-Parametric Models and Cross-Validation  \n",
    "**Student Name:** Yogesh Kumar Gopal  \n",
    "**ID:** 8996403\n",
    "**Course:** CSCN8010\n"
   ]
  },
  {
   "cell_type": "markdown",
   "id": "5a14149b",
   "metadata": {},
   "source": [
    "### Part 1: Data Preparation & EDA"
   ]
  },
  {
   "cell_type": "code",
   "execution_count": 424,
   "id": "e5af1f00",
   "metadata": {},
   "outputs": [],
   "source": [
    "# Import necessary libraries\n",
    "from sklearn import datasets\n",
    "from sklearn.model_selection import train_test_split\n",
    "import pandas as pd\n",
    "import numpy as np\n",
    "import matplotlib.pyplot as plt\n",
    "import seaborn as sns\n",
    "from sklearn.preprocessing import PolynomialFeatures\n",
    "from sklearn.linear_model import LinearRegression\n",
    "from sklearn.metrics import r2_score, mean_absolute_error\n",
    "from sklearn.metrics import mean_squared_error\n"
   ]
  },
  {
   "cell_type": "markdown",
   "id": "627737b3",
   "metadata": {},
   "source": [
    "Get the Data"
   ]
  },
  {
   "cell_type": "code",
   "execution_count": 425,
   "id": "09464b93",
   "metadata": {},
   "outputs": [
    {
     "data": {
      "application/vnd.microsoft.datawrangler.viewer.v0+json": {
       "columns": [
        {
         "name": "index",
         "rawType": "int64",
         "type": "integer"
        },
        {
         "name": "age",
         "rawType": "float64",
         "type": "float"
        },
        {
         "name": "sex",
         "rawType": "float64",
         "type": "float"
        },
        {
         "name": "bmi",
         "rawType": "float64",
         "type": "float"
        },
        {
         "name": "bp",
         "rawType": "float64",
         "type": "float"
        },
        {
         "name": "s1",
         "rawType": "float64",
         "type": "float"
        },
        {
         "name": "s2",
         "rawType": "float64",
         "type": "float"
        },
        {
         "name": "s3",
         "rawType": "float64",
         "type": "float"
        },
        {
         "name": "s4",
         "rawType": "float64",
         "type": "float"
        },
        {
         "name": "s5",
         "rawType": "float64",
         "type": "float"
        },
        {
         "name": "s6",
         "rawType": "float64",
         "type": "float"
        },
        {
         "name": "target",
         "rawType": "float64",
         "type": "float"
        }
       ],
       "ref": "448d5977-007f-44e2-9905-c57b3eba2222",
       "rows": [
        [
         "0",
         "0.038075906433423026",
         "0.05068011873981862",
         "0.061696206518683294",
         "0.0218723855140367",
         "-0.04422349842444599",
         "-0.03482076283769895",
         "-0.04340084565202491",
         "-0.002592261998183278",
         "0.019907486170462722",
         "-0.01764612515980379",
         "151.0"
        ],
        [
         "1",
         "-0.0018820165277906047",
         "-0.044641636506989144",
         "-0.051474061238800654",
         "-0.02632752814785296",
         "-0.008448724111216851",
         "-0.019163339748222204",
         "0.07441156407875721",
         "-0.03949338287409329",
         "-0.0683315470939731",
         "-0.092204049626824",
         "75.0"
        ],
        [
         "2",
         "0.08529890629667548",
         "0.05068011873981862",
         "0.04445121333659049",
         "-0.00567042229275739",
         "-0.04559945128264711",
         "-0.03419446591411989",
         "-0.03235593223976409",
         "-0.002592261998183278",
         "0.002861309289833047",
         "-0.025930338989472702",
         "141.0"
        ],
        [
         "3",
         "-0.0890629393522567",
         "-0.044641636506989144",
         "-0.011595014505211082",
         "-0.03665608107540074",
         "0.01219056876179996",
         "0.02499059336410222",
         "-0.036037570043851025",
         "0.03430885887772673",
         "0.022687744966501246",
         "-0.009361911330134878",
         "206.0"
        ],
        [
         "4",
         "0.005383060374248237",
         "-0.044641636506989144",
         "-0.03638469220446948",
         "0.0218723855140367",
         "0.003934851612593237",
         "0.015596139510416171",
         "0.008142083605192267",
         "-0.002592261998183278",
         "-0.03198763948805312",
         "-0.04664087356364498",
         "135.0"
        ]
       ],
       "shape": {
        "columns": 11,
        "rows": 5
       }
      },
      "text/html": [
       "<div>\n",
       "<style scoped>\n",
       "    .dataframe tbody tr th:only-of-type {\n",
       "        vertical-align: middle;\n",
       "    }\n",
       "\n",
       "    .dataframe tbody tr th {\n",
       "        vertical-align: top;\n",
       "    }\n",
       "\n",
       "    .dataframe thead th {\n",
       "        text-align: right;\n",
       "    }\n",
       "</style>\n",
       "<table border=\"1\" class=\"dataframe\">\n",
       "  <thead>\n",
       "    <tr style=\"text-align: right;\">\n",
       "      <th></th>\n",
       "      <th>age</th>\n",
       "      <th>sex</th>\n",
       "      <th>bmi</th>\n",
       "      <th>bp</th>\n",
       "      <th>s1</th>\n",
       "      <th>s2</th>\n",
       "      <th>s3</th>\n",
       "      <th>s4</th>\n",
       "      <th>s5</th>\n",
       "      <th>s6</th>\n",
       "      <th>target</th>\n",
       "    </tr>\n",
       "  </thead>\n",
       "  <tbody>\n",
       "    <tr>\n",
       "      <th>0</th>\n",
       "      <td>0.038076</td>\n",
       "      <td>0.050680</td>\n",
       "      <td>0.061696</td>\n",
       "      <td>0.021872</td>\n",
       "      <td>-0.044223</td>\n",
       "      <td>-0.034821</td>\n",
       "      <td>-0.043401</td>\n",
       "      <td>-0.002592</td>\n",
       "      <td>0.019907</td>\n",
       "      <td>-0.017646</td>\n",
       "      <td>151.0</td>\n",
       "    </tr>\n",
       "    <tr>\n",
       "      <th>1</th>\n",
       "      <td>-0.001882</td>\n",
       "      <td>-0.044642</td>\n",
       "      <td>-0.051474</td>\n",
       "      <td>-0.026328</td>\n",
       "      <td>-0.008449</td>\n",
       "      <td>-0.019163</td>\n",
       "      <td>0.074412</td>\n",
       "      <td>-0.039493</td>\n",
       "      <td>-0.068332</td>\n",
       "      <td>-0.092204</td>\n",
       "      <td>75.0</td>\n",
       "    </tr>\n",
       "    <tr>\n",
       "      <th>2</th>\n",
       "      <td>0.085299</td>\n",
       "      <td>0.050680</td>\n",
       "      <td>0.044451</td>\n",
       "      <td>-0.005670</td>\n",
       "      <td>-0.045599</td>\n",
       "      <td>-0.034194</td>\n",
       "      <td>-0.032356</td>\n",
       "      <td>-0.002592</td>\n",
       "      <td>0.002861</td>\n",
       "      <td>-0.025930</td>\n",
       "      <td>141.0</td>\n",
       "    </tr>\n",
       "    <tr>\n",
       "      <th>3</th>\n",
       "      <td>-0.089063</td>\n",
       "      <td>-0.044642</td>\n",
       "      <td>-0.011595</td>\n",
       "      <td>-0.036656</td>\n",
       "      <td>0.012191</td>\n",
       "      <td>0.024991</td>\n",
       "      <td>-0.036038</td>\n",
       "      <td>0.034309</td>\n",
       "      <td>0.022688</td>\n",
       "      <td>-0.009362</td>\n",
       "      <td>206.0</td>\n",
       "    </tr>\n",
       "    <tr>\n",
       "      <th>4</th>\n",
       "      <td>0.005383</td>\n",
       "      <td>-0.044642</td>\n",
       "      <td>-0.036385</td>\n",
       "      <td>0.021872</td>\n",
       "      <td>0.003935</td>\n",
       "      <td>0.015596</td>\n",
       "      <td>0.008142</td>\n",
       "      <td>-0.002592</td>\n",
       "      <td>-0.031988</td>\n",
       "      <td>-0.046641</td>\n",
       "      <td>135.0</td>\n",
       "    </tr>\n",
       "  </tbody>\n",
       "</table>\n",
       "</div>"
      ],
      "text/plain": [
       "        age       sex       bmi        bp        s1        s2        s3  \\\n",
       "0  0.038076  0.050680  0.061696  0.021872 -0.044223 -0.034821 -0.043401   \n",
       "1 -0.001882 -0.044642 -0.051474 -0.026328 -0.008449 -0.019163  0.074412   \n",
       "2  0.085299  0.050680  0.044451 -0.005670 -0.045599 -0.034194 -0.032356   \n",
       "3 -0.089063 -0.044642 -0.011595 -0.036656  0.012191  0.024991 -0.036038   \n",
       "4  0.005383 -0.044642 -0.036385  0.021872  0.003935  0.015596  0.008142   \n",
       "\n",
       "         s4        s5        s6  target  \n",
       "0 -0.002592  0.019907 -0.017646   151.0  \n",
       "1 -0.039493 -0.068332 -0.092204    75.0  \n",
       "2 -0.002592  0.002861 -0.025930   141.0  \n",
       "3  0.034309  0.022688 -0.009362   206.0  \n",
       "4 -0.002592 -0.031988 -0.046641   135.0  "
      ]
     },
     "execution_count": 425,
     "metadata": {},
     "output_type": "execute_result"
    }
   ],
   "source": [
    "# Load diabetes dataset as DataFrame\n",
    "diabetes = datasets.load_diabetes(as_frame=True)\n",
    "df = diabetes.frame\n",
    "df.head()\n"
   ]
  },
  {
   "cell_type": "markdown",
   "id": "0b53de7a",
   "metadata": {},
   "source": [
    "**Objective:** Predict \"disease progression one year after baseline\" (target variable `y`) based on patient features (X)."
   ]
  },
  {
   "cell_type": "markdown",
   "id": "71d134d1",
   "metadata": {},
   "source": [
    "EDA - Exploratory Data Analysis"
   ]
  },
  {
   "cell_type": "code",
   "execution_count": 426,
   "id": "75b91c6a",
   "metadata": {},
   "outputs": [
    {
     "data": {
      "application/vnd.microsoft.datawrangler.viewer.v0+json": {
       "columns": [
        {
         "name": "index",
         "rawType": "object",
         "type": "string"
        },
        {
         "name": "age",
         "rawType": "float64",
         "type": "float"
        },
        {
         "name": "sex",
         "rawType": "float64",
         "type": "float"
        },
        {
         "name": "bmi",
         "rawType": "float64",
         "type": "float"
        },
        {
         "name": "bp",
         "rawType": "float64",
         "type": "float"
        },
        {
         "name": "s1",
         "rawType": "float64",
         "type": "float"
        },
        {
         "name": "s2",
         "rawType": "float64",
         "type": "float"
        },
        {
         "name": "s3",
         "rawType": "float64",
         "type": "float"
        },
        {
         "name": "s4",
         "rawType": "float64",
         "type": "float"
        },
        {
         "name": "s5",
         "rawType": "float64",
         "type": "float"
        },
        {
         "name": "s6",
         "rawType": "float64",
         "type": "float"
        },
        {
         "name": "target",
         "rawType": "float64",
         "type": "float"
        }
       ],
       "ref": "b07dfb43-4391-4d74-a441-a18ead0f39ff",
       "rows": [
        [
         "age",
         "1.0",
         "0.1737371005636606",
         "0.18508466614655555",
         "0.33542758706707276",
         "0.2600608201502612",
         "0.21924313984750804",
         "-0.07518097487514622",
         "0.20384089972875527",
         "0.2707742414181665",
         "0.30173100763283783",
         "0.1878887507189197"
        ],
        [
         "sex",
         "0.1737371005636606",
         "1.0",
         "0.08816139902276221",
         "0.2410104866490488",
         "0.03527681917552952",
         "0.14263725703350016",
         "-0.3790896292273317",
         "0.33211509308296433",
         "0.149916136495838",
         "0.20813321620038897",
         "0.043061998451605396"
        ],
        [
         "bmi",
         "0.18508466614655555",
         "0.08816139902276221",
         "1.0",
         "0.3954108987177125",
         "0.2497774217424124",
         "0.2611699111644256",
         "-0.3668109784050295",
         "0.4138066018314403",
         "0.44615653857325194",
         "0.3886799939000389",
         "0.5864501344746885"
        ],
        [
         "bp",
         "0.33542758706707276",
         "0.2410104866490488",
         "0.3954108987177125",
         "1.0",
         "0.24246402270704165",
         "0.18554846261290042",
         "-0.17876163122564295",
         "0.257650053283515",
         "0.39348010904483216",
         "0.3904300231160371",
         "0.44148175856257105"
        ],
        [
         "s1",
         "0.2600608201502612",
         "0.03527681917552952",
         "0.2497774217424124",
         "0.24246402270704165",
         "1.0",
         "0.8966629578104894",
         "0.051519364314820446",
         "0.5422072805232409",
         "0.5155029243689457",
         "0.3257167530607091",
         "0.21202248101455062"
        ],
        [
         "s2",
         "0.21924313984750804",
         "0.14263725703350016",
         "0.2611699111644256",
         "0.18554846261290042",
         "0.8966629578104894",
         "1.0",
         "-0.19645512374417917",
         "0.6598168886666438",
         "0.3183566651415615",
         "0.29060037549704454",
         "0.1740535869687425"
        ],
        [
         "s3",
         "-0.07518097487514622",
         "-0.3790896292273317",
         "-0.3668109784050295",
         "-0.17876163122564295",
         "0.051519364314820446",
         "-0.19645512374417917",
         "1.0",
         "-0.7384927292583823",
         "-0.39857729342870957",
         "-0.2736973014758417",
         "-0.39478925067091836"
        ],
        [
         "s4",
         "0.20384089972875527",
         "0.33211509308296433",
         "0.4138066018314403",
         "0.257650053283515",
         "0.5422072805232409",
         "0.6598168886666438",
         "-0.7384927292583823",
         "1.0",
         "0.6178589739937282",
         "0.4172121137122003",
         "0.43045288474477283"
        ],
        [
         "s5",
         "0.2707742414181665",
         "0.149916136495838",
         "0.44615653857325194",
         "0.39348010904483216",
         "0.5155029243689457",
         "0.3183566651415615",
         "-0.39857729342870957",
         "0.6178589739937282",
         "1.0",
         "0.46466884669136804",
         "0.5658825924427434"
        ],
        [
         "s6",
         "0.30173100763283783",
         "0.20813321620038897",
         "0.3886799939000389",
         "0.3904300231160371",
         "0.3257167530607091",
         "0.29060037549704454",
         "-0.2736973014758417",
         "0.4172121137122003",
         "0.46466884669136804",
         "1.0",
         "0.3824834842485807"
        ],
        [
         "target",
         "0.1878887507189197",
         "0.043061998451605396",
         "0.5864501344746885",
         "0.44148175856257105",
         "0.21202248101455062",
         "0.1740535869687425",
         "-0.39478925067091836",
         "0.43045288474477283",
         "0.5658825924427434",
         "0.3824834842485807",
         "1.0"
        ]
       ],
       "shape": {
        "columns": 11,
        "rows": 11
       }
      },
      "text/html": [
       "<div>\n",
       "<style scoped>\n",
       "    .dataframe tbody tr th:only-of-type {\n",
       "        vertical-align: middle;\n",
       "    }\n",
       "\n",
       "    .dataframe tbody tr th {\n",
       "        vertical-align: top;\n",
       "    }\n",
       "\n",
       "    .dataframe thead th {\n",
       "        text-align: right;\n",
       "    }\n",
       "</style>\n",
       "<table border=\"1\" class=\"dataframe\">\n",
       "  <thead>\n",
       "    <tr style=\"text-align: right;\">\n",
       "      <th></th>\n",
       "      <th>age</th>\n",
       "      <th>sex</th>\n",
       "      <th>bmi</th>\n",
       "      <th>bp</th>\n",
       "      <th>s1</th>\n",
       "      <th>s2</th>\n",
       "      <th>s3</th>\n",
       "      <th>s4</th>\n",
       "      <th>s5</th>\n",
       "      <th>s6</th>\n",
       "      <th>target</th>\n",
       "    </tr>\n",
       "  </thead>\n",
       "  <tbody>\n",
       "    <tr>\n",
       "      <th>age</th>\n",
       "      <td>1.000000</td>\n",
       "      <td>0.173737</td>\n",
       "      <td>0.185085</td>\n",
       "      <td>0.335428</td>\n",
       "      <td>0.260061</td>\n",
       "      <td>0.219243</td>\n",
       "      <td>-0.075181</td>\n",
       "      <td>0.203841</td>\n",
       "      <td>0.270774</td>\n",
       "      <td>0.301731</td>\n",
       "      <td>0.187889</td>\n",
       "    </tr>\n",
       "    <tr>\n",
       "      <th>sex</th>\n",
       "      <td>0.173737</td>\n",
       "      <td>1.000000</td>\n",
       "      <td>0.088161</td>\n",
       "      <td>0.241010</td>\n",
       "      <td>0.035277</td>\n",
       "      <td>0.142637</td>\n",
       "      <td>-0.379090</td>\n",
       "      <td>0.332115</td>\n",
       "      <td>0.149916</td>\n",
       "      <td>0.208133</td>\n",
       "      <td>0.043062</td>\n",
       "    </tr>\n",
       "    <tr>\n",
       "      <th>bmi</th>\n",
       "      <td>0.185085</td>\n",
       "      <td>0.088161</td>\n",
       "      <td>1.000000</td>\n",
       "      <td>0.395411</td>\n",
       "      <td>0.249777</td>\n",
       "      <td>0.261170</td>\n",
       "      <td>-0.366811</td>\n",
       "      <td>0.413807</td>\n",
       "      <td>0.446157</td>\n",
       "      <td>0.388680</td>\n",
       "      <td>0.586450</td>\n",
       "    </tr>\n",
       "    <tr>\n",
       "      <th>bp</th>\n",
       "      <td>0.335428</td>\n",
       "      <td>0.241010</td>\n",
       "      <td>0.395411</td>\n",
       "      <td>1.000000</td>\n",
       "      <td>0.242464</td>\n",
       "      <td>0.185548</td>\n",
       "      <td>-0.178762</td>\n",
       "      <td>0.257650</td>\n",
       "      <td>0.393480</td>\n",
       "      <td>0.390430</td>\n",
       "      <td>0.441482</td>\n",
       "    </tr>\n",
       "    <tr>\n",
       "      <th>s1</th>\n",
       "      <td>0.260061</td>\n",
       "      <td>0.035277</td>\n",
       "      <td>0.249777</td>\n",
       "      <td>0.242464</td>\n",
       "      <td>1.000000</td>\n",
       "      <td>0.896663</td>\n",
       "      <td>0.051519</td>\n",
       "      <td>0.542207</td>\n",
       "      <td>0.515503</td>\n",
       "      <td>0.325717</td>\n",
       "      <td>0.212022</td>\n",
       "    </tr>\n",
       "    <tr>\n",
       "      <th>s2</th>\n",
       "      <td>0.219243</td>\n",
       "      <td>0.142637</td>\n",
       "      <td>0.261170</td>\n",
       "      <td>0.185548</td>\n",
       "      <td>0.896663</td>\n",
       "      <td>1.000000</td>\n",
       "      <td>-0.196455</td>\n",
       "      <td>0.659817</td>\n",
       "      <td>0.318357</td>\n",
       "      <td>0.290600</td>\n",
       "      <td>0.174054</td>\n",
       "    </tr>\n",
       "    <tr>\n",
       "      <th>s3</th>\n",
       "      <td>-0.075181</td>\n",
       "      <td>-0.379090</td>\n",
       "      <td>-0.366811</td>\n",
       "      <td>-0.178762</td>\n",
       "      <td>0.051519</td>\n",
       "      <td>-0.196455</td>\n",
       "      <td>1.000000</td>\n",
       "      <td>-0.738493</td>\n",
       "      <td>-0.398577</td>\n",
       "      <td>-0.273697</td>\n",
       "      <td>-0.394789</td>\n",
       "    </tr>\n",
       "    <tr>\n",
       "      <th>s4</th>\n",
       "      <td>0.203841</td>\n",
       "      <td>0.332115</td>\n",
       "      <td>0.413807</td>\n",
       "      <td>0.257650</td>\n",
       "      <td>0.542207</td>\n",
       "      <td>0.659817</td>\n",
       "      <td>-0.738493</td>\n",
       "      <td>1.000000</td>\n",
       "      <td>0.617859</td>\n",
       "      <td>0.417212</td>\n",
       "      <td>0.430453</td>\n",
       "    </tr>\n",
       "    <tr>\n",
       "      <th>s5</th>\n",
       "      <td>0.270774</td>\n",
       "      <td>0.149916</td>\n",
       "      <td>0.446157</td>\n",
       "      <td>0.393480</td>\n",
       "      <td>0.515503</td>\n",
       "      <td>0.318357</td>\n",
       "      <td>-0.398577</td>\n",
       "      <td>0.617859</td>\n",
       "      <td>1.000000</td>\n",
       "      <td>0.464669</td>\n",
       "      <td>0.565883</td>\n",
       "    </tr>\n",
       "    <tr>\n",
       "      <th>s6</th>\n",
       "      <td>0.301731</td>\n",
       "      <td>0.208133</td>\n",
       "      <td>0.388680</td>\n",
       "      <td>0.390430</td>\n",
       "      <td>0.325717</td>\n",
       "      <td>0.290600</td>\n",
       "      <td>-0.273697</td>\n",
       "      <td>0.417212</td>\n",
       "      <td>0.464669</td>\n",
       "      <td>1.000000</td>\n",
       "      <td>0.382483</td>\n",
       "    </tr>\n",
       "    <tr>\n",
       "      <th>target</th>\n",
       "      <td>0.187889</td>\n",
       "      <td>0.043062</td>\n",
       "      <td>0.586450</td>\n",
       "      <td>0.441482</td>\n",
       "      <td>0.212022</td>\n",
       "      <td>0.174054</td>\n",
       "      <td>-0.394789</td>\n",
       "      <td>0.430453</td>\n",
       "      <td>0.565883</td>\n",
       "      <td>0.382483</td>\n",
       "      <td>1.000000</td>\n",
       "    </tr>\n",
       "  </tbody>\n",
       "</table>\n",
       "</div>"
      ],
      "text/plain": [
       "             age       sex       bmi        bp        s1        s2        s3  \\\n",
       "age     1.000000  0.173737  0.185085  0.335428  0.260061  0.219243 -0.075181   \n",
       "sex     0.173737  1.000000  0.088161  0.241010  0.035277  0.142637 -0.379090   \n",
       "bmi     0.185085  0.088161  1.000000  0.395411  0.249777  0.261170 -0.366811   \n",
       "bp      0.335428  0.241010  0.395411  1.000000  0.242464  0.185548 -0.178762   \n",
       "s1      0.260061  0.035277  0.249777  0.242464  1.000000  0.896663  0.051519   \n",
       "s2      0.219243  0.142637  0.261170  0.185548  0.896663  1.000000 -0.196455   \n",
       "s3     -0.075181 -0.379090 -0.366811 -0.178762  0.051519 -0.196455  1.000000   \n",
       "s4      0.203841  0.332115  0.413807  0.257650  0.542207  0.659817 -0.738493   \n",
       "s5      0.270774  0.149916  0.446157  0.393480  0.515503  0.318357 -0.398577   \n",
       "s6      0.301731  0.208133  0.388680  0.390430  0.325717  0.290600 -0.273697   \n",
       "target  0.187889  0.043062  0.586450  0.441482  0.212022  0.174054 -0.394789   \n",
       "\n",
       "              s4        s5        s6    target  \n",
       "age     0.203841  0.270774  0.301731  0.187889  \n",
       "sex     0.332115  0.149916  0.208133  0.043062  \n",
       "bmi     0.413807  0.446157  0.388680  0.586450  \n",
       "bp      0.257650  0.393480  0.390430  0.441482  \n",
       "s1      0.542207  0.515503  0.325717  0.212022  \n",
       "s2      0.659817  0.318357  0.290600  0.174054  \n",
       "s3     -0.738493 -0.398577 -0.273697 -0.394789  \n",
       "s4      1.000000  0.617859  0.417212  0.430453  \n",
       "s5      0.617859  1.000000  0.464669  0.565883  \n",
       "s6      0.417212  0.464669  1.000000  0.382483  \n",
       "target  0.430453  0.565883  0.382483  1.000000  "
      ]
     },
     "execution_count": 426,
     "metadata": {},
     "output_type": "execute_result"
    }
   ],
   "source": [
    "# Statistics\n",
    "df.describe()\n",
    "correlation_matrix = df.corr()\n",
    "df.corr()"
   ]
  },
  {
   "cell_type": "code",
   "execution_count": 427,
   "id": "e80b4edf",
   "metadata": {},
   "outputs": [
    {
     "data": {
